// Geometry Definitions for
// CMPE160 projects

geometry cube1
{

vertexList 
   {
      -0.500 -0.500 0.500,
      0.500 -0.500 0.500,
      -0.500 0.500 0.500,
      0.500 0.500 0.500,
      -0.500 0.500 -0.500,
      0.500 0.500 -0.500,
      -0.500 -0.500 -0.500,
      0.500 -0.500 -0.500
     }

    faceList {
     0 1 3 2 -1, 
     2 3 5 4 -1, 
     4 5 7 6 -1, 
     6 7 1 0 -1, 
     1 7 5 3 -1, 
     6 0 2 4 -1
    }
   }
      
     geometry cylinder1
   {faceList {
     0 1 9 8 -1, 
     1 2 10 9 -1 , 
     2 3 11 10 -1, 
     3 4 12 11 -1, 
     4 5 13 12 -1 , 
     5 6 14 13 -1, 
     6 7 15 14 -1, 
     7 0 8 15 -1, 
     6 5 4 3 2 1 0 7 -1, 
     15 8 9 10 11 12 13 14 -1 }

      vertexList {
      6.962 0.077 -12.309,
      -0.176 2.295 -13.954,
      -7.176 -0.245 -12.184,
      -9.936 -6.056 -8.037,
      -6.841 -11.733 -3.942,
      0.297 -13.951 -2.298,
      7.297 -11.411 -4.068,
      10.058 -5.600 -8.215,
      6.841 11.733 3.942,
      -0.297 13.951 2.298,
      -7.297 11.411 4.068,
      -10.058 5.600 8.215,
      -6.962 -0.077 12.309,
      0.176 -2.295 13.954,
      7.176 0.245 12.184,
      9.936 6.056 8.037}
    
    }
   